1	2	59
1	3	62
1	16	49
1	17	56
2	1	59
2	3	46
2	13	23
3	1	62
3	2	46
3	4	177
3	301	52
4	3	177
4	5	30
4	9	164
5	4	30
5	6	128
6	5	128
6	7	62
6	31	79
6	363	47
7	6	62
7	8	171
7	30	151
7	31	43
8	7	171
8	9	85
8	18	115
8	30	108
8	1041	0
8	1042	0
9	4	164
9	8	85
9	10	20
9	18	95
10	9	20
10	12	85
10	13	89
10	14	56
12	10	85
12	13	62
12	14	92
12	15	36
13	2	23
13	10	89
13	12	62
14	301	26
14	10	56
14	12	92
15	12	36
15	18	89
15	1058	0
16	1	49
16	1059	0
17	1	56
17	1060	0
18	8	115
18	9	95
18	15	89
18	19	125
19	18	125
19	28	213
19	111	410
19	331	593
21	22	118
21	32	128
21	106	417
22	21	118
22	23	52
22	76	236
22	111	115
23	22	52
23	24	85
23	25	82
24	23	85
24	25	52
24	27	30
24	303	33
25	23	82
25	24	52
25	26	79
25	32	85
26	25	79
26	302	49
26	31	138
26	33	39
27	24	30
27	302	79
27	29	75
28	19	213
28	29	75
28	30	56
29	27	75
29	28	75
29	30	36
30	7	151
30	8	108
30	28	56
30	29	36
31	6	79
31	7	43
31	26	138
32	21	128
32	25	85
32	33	69
33	26	39
33	32	69
33	304	75
34	35	75
34	41	372
34	51	31
34	201	283
35	34	75
35	36	147
35	99	214
36	35	147
36	37	70
36	39	199
37	36	70
37	38	85
37	39	130
38	37	85
38	53	60
38	99	379
38	306	35
39	36	199
39	37	130
39	40	48
40	39	48
41	34	372
41	42	66
41	44	222
41	50	148
41	99	224
42	41	66
42	43	293
42	48	47
43	42	293
43	44	66
43	47	211
43	1011	0
44	41	222
44	43	66
44	45	165
45	44	165
45	46	145
45	47	107
45	365	35
46	45	145
46	366	79
47	43	211
47	45	107
47	307	95
48	42	47
48	50	80
49	50	128
50	41	148
50	48	80
50	49	128
50	362	99
50	51	398
51	34	31
51	50	398
51	52	92
52	51	92
52	335	46
53	38	60
53	57	369
53	306	20
53	315	200
54	55	72
54	56	115
54	315	75
54	347	83
55	54	72
55	56	92
55	102	40
55	104	77
56	54	115
56	55	92
56	104	82
56	318	105
57	53	369
57	59	164
57	61	222
57	318	98
57	324	102
58	59	75
58	300	50
58	324	52
58	1057	0
59	57	164
59	58	75
59	60	26
60	59	26
60	61	70
60	62	27
61	57	222
61	60	70
61	65	152
62	60	27
62	63	175
62	98	40
63	62	175
63	65	200
63	67	78
63	96	121
64	67	23
64	98	135
64	320	105
65	61	152
65	63	200
65	97	171
65	355	144
67	63	78
67	64	23
67	68	241
67	69	147
67	105	161
68	67	241
68	79	72
68	80	92
68	82	128
68	105	131
68	358	115
69	67	147
69	71	194
69	105	92
69	311	62
69	320	102
70	71	137
70	200	342
70	311	95
70	312	151
70	317	139
71	69	194
71	70	137
71	72	79
71	105	171
71	358	33
72	71	79
72	73	20
73	72	20
73	74	30
73	326	62
74	73	30
74	75	79
74	76	92
75	74	79
75	76	75
75	77	181
75 2004 23 
76	22	236
76	74	92
76	75	75
76	111	282
77	75	181
77	78	157
77	109	230
78	77	157
78	82	92
78  2010 129
79	68	72
79	80	82
79	81	59
79	82	56
80	68	92
80	79	82
80	81	89
80	95	62
80	96	128
81	79	59
81	80	89
81	82	75
81	83	226
82	68	128
82	78	92
82	79	56
82	81	75
83	81	226
83	84	289
83	86	118
83	90	292
83  4012 69
83  4008 197 
84	83	289
84 4012 187 
84	85	95
84	352	167
85	84	95
85	107	85
85	109	92
86	83	118
86	87	157
87	86	157
87	88	161
87	93	77
87	340	43
88	87	161
88	90	122
88	91	164
88	336	56
89	90	33
89	117	299
89	336	66
90	83	292
90	88	122
90	89	33
90  4008 152
91	88	164
91	92	33
91	338	79
92	91	33
92	93	128
92	341	121
93	87	77
93	92	128
93	94	36
94	93	36
94  2001 3
94  2011 2
94	95	144
94	341	72
95	80	62
95	94	144
95	96	108
95	1049	0
96	63	121
96	80	128
96	95	108
96	355	170
97	65	171
97	115	240
97	117	367
97	338	108
98	62	40
98	64	135
99	35	214
99	38	379
99	41	224
99	356	79
100	333	105
100	356	135
100	357	146
100	366	282
101	102	182
101	103	136
101	333	46
102	55	40
102	101	182
102	103	130
102	308	31
103	101	136
103	102	130
103	364	75
104	55	77
104	56	82
104	119	171
105	67	161
105	68	131
105	69	92
105	71	171
106	21	417
106	202	295
106	326	377
106	1027	0
107	85	85
107	108	92
107	349	98
108	107	92
108	109	131
108	331	620
108	361	82
109	77	230
109	85	92
109	108	131
109	110	95
110	109	95
110	111	92
110	361	161
111	19	410
111	22	115
111	76	282
111	110	92
112	113	82
112	116	187
112	131	200
113	112	82
113	114	60
113	314	210
113	1019	0
114	113	60
114	116	187
114	314	184
115	97	240
115	1004	0
116	112	187
116	114	187
116	117	197
117	89	299
117	97	367
117	116	197
119	104	171
119	120	146
119	130	168
120	119	146
120	121	65
120	124	121
120	125	75
121	120	65
121	122	45
121	125	98
122	121	45
122	123	107
122	124	115
123	122	107
123	124	144
123	132	50
124	120	121
124	122	115
124	123	144
124	364	72
125	120	75
125	121	98
125	126	179
125	128	104
125	130	58
126	125	179
126	127	68
127	126	68
127	135	157
127	330	78
127	345	36
128	125	104
128	129	101
128	350	36
129	128	101
129	130	93
129	144	164
130	119	168
130	125	58
130	129	93
131	112	200
131	143	400
132	123	50
132	133	257
132	366	138
133	132	257
133	138	250
133	342	33
134	135	50
134	342	230
134	343	66
135	127	157
135	134	50
136	137	121
136	138	243
136	343	82
137	136	121
137	138	361
138	133	250
138	136	243
138	137	361
138	344	46
139	140	71
139	322	56
139	323	86
140	139	71
140	141	271
140	359	148
141	140	271
141	142	80
142	141	80
142	327	52
143	131	400
143	310	105
143	327	89
144	129	164
144	145	236
144	327	194
144	329	109
145	144	236
145	146	69
145	346	90
145	350	75
145	359	82
146	145	69
146	345	184
200	70	342
200	202	120
200	354	187
201	34	283
201	202	220
201	354	46
202	106	295
202	200	120
202	201	220
300	58	50
300	1015	0
301	3	52
301	14	26
301	1061	0
302	26	49
302	27	79
302	1040	0
303	24	33
303	1008	0
304	33	75
304	1051	0
305	306	30
305	1003	0
306	38	35
306	53	20
306	305	30
307	47	95
307	309	93
307	1010	0
308	102	31
308	1046	0
309	307	93
309	1012	0
310	143	105
310	1002	0
311	69	62
311	70	95
311	312	87
312	70	151
312	311	87
312	1001	0
313	326	85
313	1005	0
314	113	210
314	114	184
314	1006	0
315	53	200
315	54	75
315	316	54
316	315	54
316	1007	0
317	70	139
317	1009	0
317 2009 226
318	56	105
318	57	98
318	319	97
319	318	97
319	1013	0
320	64	105
320	69	102
320	321	56
321	320	56
321	1014	0
322	139	56
322	1016	0
323	139	86
323	1025	0
324	57	102
324	58	52
324	1017	0
325	326	61
325	1018	0
326	73	62
326	106	377
326	313	85
326	325	61
327	142	52
327	143	89
327	144	194
327	328	119
328	327	119
328	1020	0
329	144	109
329	1021	0
330	127	78
330	1022	0
331	19	593
331	108	620
331	332	348
332	331	348
332	1023	0
333	100	105
333	101	46
333	334	77
334	333	77
334	1024	0
335	52	46
335	1026	0
336	88	56
336	89	66
336	337	24
337	336	24
337	1028	0
338	91	79
338	97	108
338	339	29
339	338	29
339	1029	0
340	87	43
340	1030	0
341	92	121
341	94	72
341	1031	0
342	133	33
342	134	230
342	1032	0
343	134	66
343	136	82
343	1033	0
344	138	46
344	1034	0
345	127	36
345	146	184
345	1035	0
346	145	90
346	1036	0
347	54	83
347	1037	0
348	349	64
348	1038	0
349	107	98
349	348	64
349	352	56
350	128	36
350	145	74
350	351	20
351	350	20
351	1039	0
352	84	167
352	349	56
352	353	52
353	352	52
353	1043	0
354	200	187
354	201	46
354	1044	0
355	65	144
355	96	170
355	1045	0
356	99	79
356	100	135
356	357	134
357	100	146
357	356	134
357	1047	0
358	68	115
358	71	33
358	1048	0
359	140	148
359	145	82
359	360	53
360	359	53
360	1050	0
361	108	82
361	110	161
361	1052	0
362	50	99
362	1053	0
363	6	47
363	1054	0
364	103	75
364	124	72
364	1055	0
365	45	35
365	1056	0
366	46	79
366	100	282
366	132	138
1001	312	0
1002	310	0
1003	305	0
1004	115	0
1005	313	0
1006	314	0
1007	316	0
1008	303	0
1009	317	0
1010	307	0
1011	43	0
1012	309	0
1013	319	0
1014	321	0
1015	300	0
1016	322	0
1017	324	0
1018	325	0
1019	113	0
1020	328	0
1021	329	0
1022	330	0
1023	332	0
1024	334	0
1025	323	0
1026	335	0
1027	106	0
1028	337	0
1029	339	0
1030	340	0
1031	341	0
1032	342	0
1033	343	0
1034	344	0
1035	345	0
1036	346	0
1037	347	0
1038	348	0
1039	351	0
7040	302	0
7041	8	0
7042	8	0
1043	353	0
7044	354	0
7045	355	0
1046	308	0
1047	357	0
1048	358	0
1049	95	0
1050	360	0
1051	304	0
1052	361	0
1053	362	0
7054	363	0
1055	364	0
1056	365	0
1057	58	0
7058	15	0
7059	16	0
7060	17	0
7061	301	0
2001    94  3
2011    94  2
2010    78 129 
2009 	317 226
2004    75  23 
4012    83  69
4012    84  187
4008    83  197
4008    90  152 
7062		
7063	
7064	